pSize: 100
gen: 1000
nClonalSelection: 50
betaCoeff: 0.3
clonePop: 131
arraySize: 231
regQty: 50
seed: 
	1095125058 354957871 1747332707 1672560291 2015830387 41849165 1489665644 1320578963 1942387478 895264858 923654527 1215044712 2111039877 1308798018 516191544 1137160012 179758943 1697762501 118913259 2117794986 311093581 1719067954 1587166624 1910213838 1854760005 358894986 1486478264 1618638243 2108511921 920485202 
clonesPerI: 
	30 15 10 7 6 5 4 3 3 3 2 2 2 2 2 1 1 1 1 1 1 1 1 1 1 1 1 1 1 1 1 1 1 1 1 1 1 1 1 1 1 1 1 1 1 1 1 1 1 1 

Instancia;avgTime;avgCost;bestTime;bestCost
S9;1.004386;1181.500000;1.004212;1181.500000;0.000000
S9H;1.004463;2294.500000;1.004236;2294.500000;0.000000
S10;1.004094;1375.833333;1.003893;1374.500000;0.000000
S11;1.003902;3471.100000;1.003733;3439.500000;0.000000
Am12a;1.003628;1535.300000;1.003402;1529.000000;0.000000
Am12b;1.003559;1638.166667;1.003444;1609.500000;0.000000
Am13a;1.003323;2471.300000;1.003175;2467.500000;0.000000
Am13b;1.003314;2884.166667;1.003228;2870.000000;0.000000
Am15;1.003061;3251.833333;1.002910;3195.000000;0.000000
N25_01.txt;1.002046;2341.866667;1.001895;2302.000000;0.000000
N25_02.txt;1.001948;18906.566667;1.001803;18639.500000;0.002366
N25_03.txt;1.001931;12388.733333;1.001822;12163.000000;0.004045
N25_04.txt;1.001920;24595.233333;1.001776;24275.500000;0.003431
N25_05.txt;1.001959;7967.700000;1.001774;7839.000000;0.002558
N30_01.txt;1.001635;4189.166667;1.001488;4118.000000;0.000729
N30_02.txt;1.001633;11072.466667;1.001483;10822.500000;0.003989
N30_03.txt;1.001662;23251.800000;1.001504;22727.000000;0.001101
N30_04.txt;1.001639;29138.233333;1.001509;28476.500000;0.002641
N30_05.txt;1.001637;58402.800000;1.001494;57612.000000;0.003693
P1.txt;1.001494;30834.866667;1.001372;30425.500000;0.004722
P2.txt;1.001480;34765.733333;1.001274;34040.000000;0.001943
P3.txt;1.001526;35787.933333;1.001318;35105.500000;0.001512
P4.txt;1.001393;35397.733333;1.001221;34741.500000;0.002163
P5.txt;1.001415;31459.300000;1.001234;30921.000000;0.004875
P6.txt;1.001377;34949.533333;1.001258;34436.500000;0.000349
ste36_01.txt;1.001365;5559.966667;1.001192;5003.000000;0.007451
ste36_02.txt;1.001381;97749.400000;1.001250;90726.000000;0.038174
ste36_03.txt;1.001342;55695.333333;1.001224;51344.500000;0.025157
ste36_04.txt;1.001384;54082.600000;1.001227;47778.500000;0.022273
ste36_05.txt;1.001397;50520.866667;1.001237;46030.500000;0.034661
N40_01.txt;1.001235;55370.233333;1.001093;54003.500000;0.005231
N40_02.txt;1.001218;50064.533333;1.001103;49010.000000;0.002086
N40_03.txt;1.001247;40317.666667;1.001100;39306.500000;0.001427
N40_04.txt;1.001246;39900.500000;1.001100;38638.000000;0.007405
N40_05.txt;1.001272;52993.000000;1.001098;51599.000000;0.002000
QAP_sko42_01_n;1.001213;12975.300000;1.001058;12747.000000;0.001257
QAP_sko42_02_n;1.001255;110092.833333;1.001060;108132.500000;0.001167
QAP_sko42_03_n;1.001287;88073.800000;1.001106;86931.500000;0.003312
QAP_sko42_04_n;1.001235;69509.466667;1.001040;68891.000000;0.002766
QAP_sko42_05_n;1.001237;126032.533333;1.001076;124288.500000;0.002185
QAP_sko49_01_n;1.001163;20847.200000;1.001009;20513.000000;0.002101
QAP_sko49_02_n;1.001174;211130.533333;1.000977;208583.000000;0.002523
QAP_sko49_03_n;1.001188;165056.800000;1.000974;162695.000000;0.003163
QAP_sko49_04_n;1.001186;120359.600000;1.000926;118616.500000;0.003129
QAP_sko49_05_n;1.001178;339206.700000;1.000972;333739.000000;0.002713
QAP_sko56_01_n;1.001161;32518.500000;1.000927;31992.000000;0.000626
QAP_sko56_02_n;1.001172;252677.000000;1.000966;248707.000000;0.001966
QAP_sko56_03_n;1.001159;86465.533333;1.000990;85329.000000;0.001702
QAP_sko56_04_n;1.001201;159049.366667;1.000953;157381.000000;0.004692
QAP_sko56_05_n;1.001228;301567.700000;1.000968;296947.500000;0.002603
AKV_n_60_05;1.001193;164400.633333;1.000915;160648.000000;0.006295
CAP_n_60_d_30_L_30_1.txt;1.001157;213698.633333;1.000934;205876.000000;0.008756
CAP_n_60_d_30_L_30_2.txt;1.001173;198278.300000;1.000946;194203.500000;0.005197
CAP_n_60_d_30_L_30_3.txt;1.001197;166563.966667;1.000918;161975.500000;0.003096
CAP_n_60_d_30_L_40_1.txt;1.001182;139076.766667;1.000877;136158.500000;0.007585
CAP_n_60_d_30_L_40_2.txt;1.001145;163484.800000;1.000940;160010.000000;0.005631
CAP_n_60_d_30_L_40_3.txt;1.001172;163802.633333;1.000920;160285.500000;0.008291
CAP_n_60_d_30_L_50_1.txt;1.001229;114537.166667;1.000999;111954.500000;0.013222
CAP_n_60_d_30_L_50_2.txt;1.001203;120714.766667;1.000855;115890.000000;0.005100
CAP_n_60_d_30_L_50_3.txt;1.001173;119057.966667;1.000950;115087.000000;0.008323
CAP_n_60_d_30_L_60_1.txt;1.001147;111691.100000;1.000936;108856.000000;0.006835
CAP_n_60_d_30_L_60_2.txt;1.001216;113161.366667;1.000918;110952.500000;0.009499
CAP_n_60_d_30_L_60_3.txt;1.001187;95296.933333;1.000905;93178.000000;0.017016
CAP_n_60_d_60_L_30_1.txt;1.001189;451784.166667;1.000905;446721.500000;0.003018
CAP_n_60_d_60_L_30_2.txt;1.001160;414538.066667;1.000921;409050.500000;0.002844
CAP_n_60_d_60_L_30_3.txt;1.001182;425588.866667;1.000898;417855.500000;0.002262
CAP_n_60_d_60_L_40_1.txt;1.001203;318580.900000;1.000981;314969.000000;0.005314
CAP_n_60_d_60_L_40_2.txt;1.001143;325600.600000;1.000869;321502.500000;0.002320
CAP_n_60_d_60_L_40_3.txt;1.001120;369520.766667;1.000866;364635.500000;0.004449
CAP_n_60_d_60_L_50_1.txt;1.001135;278274.133333;1.000986;274271.000000;0.003112
CAP_n_60_d_60_L_50_2.txt;1.001144;274327.300000;1.000916;270571.500000;0.003304
CAP_n_60_d_60_L_50_3.txt;1.001205;299291.166667;1.000951;295794.000000;0.001269
CAP_n_60_d_60_L_60_1.txt;1.001147;231494.666667;1.000904;228201.000000;0.001338
CAP_n_60_d_60_L_60_2.txt;1.001179;249563.066667;1.000866;247336.000000;0.003298
CAP_n_60_d_60_L_60_3.txt;1.001173;209007.266667;1.000943;207230.500000;0.003603
CAP_n_60_d_90_L_30_1.txt;1.001098;633525.766667;1.000920;629412.000000;0.000894
CAP_n_60_d_90_L_30_2.txt;1.001184;565355.666667;1.000899;561542.500000;0.000663
CAP_n_60_d_90_L_30_3.txt;1.001281;592198.133333;1.000943;588110.500000;0.000500
CAP_n_60_d_90_L_40_1.txt;1.001240;478635.700000;1.001008;474419.000000;0.000787
CAP_n_60_d_90_L_40_2.txt;1.001142;483837.766667;1.000906;481754.000000;0.003732
CAP_n_60_d_90_L_40_3.txt;1.001184;517928.500000;1.000945;513094.000000;0.001253
CAP_n_60_d_90_L_50_1.txt;1.001189;483038.033333;1.000926;480366.000000;0.001424
CAP_n_60_d_90_L_50_2.txt;1.001111;448542.500000;1.000848;445714.000000;0.001537
CAP_n_60_d_90_L_50_3.txt;1.001121;498482.466667;1.000936;496115.500000;0.002147
CAP_n_60_d_90_L_60_1.txt;1.001146;389178.666667;1.000848;385608.500000;0.000462
CAP_n_60_d_90_L_60_2.txt;1.001088;348052.633333;1.000870;345443.000000;0.001937
CAP_n_60_d_90_L_60_3.txt;1.001114;414721.600000;1.000826;411419.000000;0.000520
QAP_sko64_05_n;1.001108;255224.100000;1.000827;251945.500000;0.004285
AKV_n_70_05;1.001141;2127637.266667;1.000826;2112503.500000;0.001307
