pSize: 100
gen: 500
nClonalSelection: 10
betaCoeff: 0.15
clonePop: 40
arraySize: 140
regQty: 5
seed: 
	975044871 1791681015 164370032 1274863684 1011690710 798072480 453478899 445584939 2006687266 1254520367 
clonesPerI: 
	15 7 5 3 3 2 2 1 1 1 

Instancia;avgTime;avgCost;bestTime;bestCost
S9;1.016819;1181.500000;1.016542;1181.500000;0.000000
S9H;1.016817;2294.500000;1.016639;2294.500000;0.000000
S10;1.015514;1379.966667;1.015329;1374.500000;0.000000
S11;1.014867;3473.466667;1.014517;3439.500000;0.000000
Am12a;1.013885;1538.766667;1.013424;1529.000000;0.000000
Am12b;1.014002;1641.866667;1.013562;1609.500000;0.000000
Am13a;1.013619;2475.966667;1.013069;2467.500000;0.000000
Am13b;1.013781;2893.100000;1.013437;2870.000000;0.000000
Am15;1.012001;3262.933333;1.011673;3195.000000;0.000000
N25_01.txt;1.007379;2342.500000;1.007211;2302.000000;0.000000
N25_02.txt;1.007382;18847.366667;1.007173;18626.500000;0.001667
N25_03.txt;1.007373;12344.800000;1.007183;12160.000000;0.003797
N25_04.txt;1.007386;24650.766667;1.007107;24283.500000;0.003761
N25_05.txt;1.007344;7958.233333;1.007161;7836.000000;0.002174
N30_01.txt;1.006435;4175.000000;1.005947;4115.000000;0.000000
N30_02.txt;1.006163;11033.266667;1.005886;10788.500000;0.000835
N30_03.txt;1.006397;23203.433333;1.005957;22718.000000;0.000705
N30_04.txt;1.006066;28953.300000;1.005818;28488.500000;0.003063
N30_05.txt;1.005969;58237.533333;1.005772;57453.000000;0.000923
P1.txt;1.005164;30829.766667;1.004929;30290.500000;0.000264
P2.txt;1.005169;34576.133333;1.005033;34003.000000;0.000854
P3.txt;1.005131;35810.966667;1.005046;35054.500000;0.000057
P4.txt;1.004790;35451.933333;1.004575;34746.500000;0.002308
P5.txt;1.004799;31196.366667;1.004619;30870.000000;0.003217
P6.txt;1.004830;34949.500000;1.004636;34438.500000;0.000407
ste36_01.txt;1.004736;5484.466667;1.004539;5007.000000;0.008256
ste36_02.txt;1.004662;96082.833333;1.004519;89573.000000;0.024980
ste36_03.txt;1.004659;55626.533333;1.004532;51209.500000;0.022462
ste36_04.txt;1.004609;52223.566667;1.004471;47350.500000;0.013116
ste36_05.txt;1.004651;49473.200000;1.004521;45672.500000;0.026614
N40_01.txt;1.004082;55112.333333;1.003921;53801.500000;0.001471
N40_02.txt;1.004405;49825.200000;1.004044;48969.000000;0.001247
N40_03.txt;1.004153;40573.366667;1.003948;39283.500000;0.000841
N40_04.txt;1.004180;39394.400000;1.004005;38392.000000;0.000991
N40_05.txt;1.004110;52866.600000;1.003970;51579.000000;0.001612
QAP_sko42_01_n;1.003863;12977.100000;1.003686;12731.000000;0.000000
QAP_sko42_02_n;1.004023;109631.266667;1.003797;108163.500000;0.001454
QAP_sko42_03_n;1.004177;87885.666667;1.003839;86729.500000;0.000981
QAP_sko42_04_n;1.004025;69423.033333;1.003873;68878.000000;0.002576
QAP_sko42_05_n;1.004010;125885.100000;1.003787;124257.500000;0.001935
QAP_sko49_01_n;1.003282;20830.466667;1.003132;20574.000000;0.005081
QAP_sko49_02_n;1.003259;210985.033333;1.003113;209088.000000;0.004951
QAP_sko49_03_n;1.003268;164489.333333;1.003097;162379.000000;0.001215
QAP_sko49_04_n;1.003298;120183.433333;1.003192;118613.500000;0.003104
QAP_sko49_05_n;1.003299;340270.500000;1.003131;334019.000000;0.003554
QAP_sko56_01_n;1.002807;32668.166667;1.002640;32012.000000;0.001251
QAP_sko56_02_n;1.002812;252834.766667;1.002711;249389.000000;0.004714
QAP_sko56_03_n;1.002769;86269.966667;1.002617;85361.000000;0.002078
QAP_sko56_04_n;1.002808;158836.233333;1.002669;157188.000000;0.003460
QAP_sko56_05_n;1.002819;301488.400000;1.002592;297395.500000;0.004116
AKV_n_60_05;1.002597;163927.066667;1.002477;160569.000000;0.005800
CAP_n_60_d_30_L_30_1.txt;1.002615;211865.733333;1.002480;205447.000000;0.006654
CAP_n_60_d_30_L_30_2.txt;1.002610;198495.966667;1.002450;194532.500000;0.006900
CAP_n_60_d_30_L_30_3.txt;1.002612;166482.633333;1.002489;163293.500000;0.011259
CAP_n_60_d_30_L_40_1.txt;1.002434;139049.200000;1.002269;135697.500000;0.004174
CAP_n_60_d_30_L_40_2.txt;1.002418;164183.233333;1.002290;160556.000000;0.009063
CAP_n_60_d_30_L_40_3.txt;1.002421;162712.066667;1.002325;160328.500000;0.008561
CAP_n_60_d_30_L_50_1.txt;1.002430;114663.000000;1.002320;111336.500000;0.007629
CAP_n_60_d_30_L_50_2.txt;1.002438;120349.166667;1.002333;115707.000000;0.003513
CAP_n_60_d_30_L_50_3.txt;1.002430;118627.400000;1.002354;114563.000000;0.003732
CAP_n_60_d_30_L_60_1.txt;1.002428;111784.333333;1.002309;108333.000000;0.001998
CAP_n_60_d_30_L_60_2.txt;1.002508;112670.166667;1.002292;110546.500000;0.005805
CAP_n_60_d_30_L_60_3.txt;1.002435;94631.766667;1.002336;92681.000000;0.011591
CAP_n_60_d_60_L_30_1.txt;1.002465;450602.200000;1.002348;445824.500000;0.001004
CAP_n_60_d_60_L_30_2.txt;1.002447;413792.066667;1.002318;408202.500000;0.000765
CAP_n_60_d_60_L_30_3.txt;1.002439;424837.033333;1.002278;417203.500000;0.000698
CAP_n_60_d_60_L_40_1.txt;1.002435;318328.533333;1.002282;314690.000000;0.004424
CAP_n_60_d_60_L_40_2.txt;1.002478;325650.333333;1.002344;320960.500000;0.000630
CAP_n_60_d_60_L_40_3.txt;1.002455;367830.500000;1.002348;363652.500000;0.001741
CAP_n_60_d_60_L_50_1.txt;1.002459;277991.033333;1.002355;273715.000000;0.001079
CAP_n_60_d_60_L_50_2.txt;1.002404;273719.866667;1.002262;270319.500000;0.002369
CAP_n_60_d_60_L_50_3.txt;1.002423;299755.266667;1.002325;296034.000000;0.002082
CAP_n_60_d_60_L_60_1.txt;1.002416;231974.333333;1.002280;228297.000000;0.001760
CAP_n_60_d_60_L_60_2.txt;1.002422;249860.900000;1.002333;247279.000000;0.003067
CAP_n_60_d_60_L_60_3.txt;1.002420;209005.533333;1.002320;206845.500000;0.001739
CAP_n_60_d_90_L_30_1.txt;1.002431;633848.800000;1.002332;629098.000000;0.000394
CAP_n_60_d_90_L_30_2.txt;1.002449;564889.933333;1.002306;561386.500000;0.000385
CAP_n_60_d_90_L_30_3.txt;1.002463;593272.933333;1.002339;588703.500000;0.001509
CAP_n_60_d_90_L_40_1.txt;1.002440;478162.633333;1.002285;474958.000000;0.001924
CAP_n_60_d_90_L_40_2.txt;1.002418;483209.233333;1.002307;480173.000000;0.000438
CAP_n_60_d_90_L_40_3.txt;1.002431;517661.133333;1.002334;514133.000000;0.003280
CAP_n_60_d_90_L_50_1.txt;1.002442;483917.233333;1.002330;480545.000000;0.001797
CAP_n_60_d_90_L_50_2.txt;1.002425;448202.500000;1.002343;445424.000000;0.000885
CAP_n_60_d_90_L_50_3.txt;1.002458;498459.833333;1.002284;495964.500000;0.001842
CAP_n_60_d_90_L_60_1.txt;1.002458;388496.000000;1.002356;385569.500000;0.000361
CAP_n_60_d_90_L_60_2.txt;1.002496;348378.100000;1.002336;345230.000000;0.001320
CAP_n_60_d_90_L_60_3.txt;1.002506;414125.300000;1.002321;411479.000000;0.000666
QAP_sko64_05_n;1.002289;255387.000000;1.002175;250986.500000;0.000462
AKV_n_70_05;1.002134;2122925.766667;1.001984;2111510.500000;0.000837
