pSize: 100
gen: 500
nClonalSelection: 10
betaCoeff: 0.2
clonePop: 56
arraySize: 156
regQty: 40
seed: 
	1166444325 1891034170 1620894209 1085791686 855305519 441108972 141781427 907906914 1037898724 2053327041 517534372 1249400467 654866452 911348949 859797170 2114090954 764902543 417664790 459478907 587293338 972970563 1322710875 1722916086 1597457839 2077183609 200371537 671767160 1784468266 800082533 1381369641 
clonesPerI: 
	20 10 6 5 4 3 2 2 2 2 

Instancia;avgTime;avgCost;bestTime;bestCost
S9;0.039105;1186.833333;0.036764;1181.500000;0.000000
S9H;0.037154;2298.766667;0.036745;2294.500000;0.000000
S10;0.041660;1384.133333;0.041228;1374.500000;0.000000
S11;0.046400;3516.266667;0.045955;3439.500000;0.000000
Am12a;0.052590;1545.666667;0.051166;1529.000000;0.000000
Am12b;0.052817;1684.400000;0.051270;1609.500000;0.000000
Am13a;0.057996;2506.633333;0.056947;2467.500000;0.000000
Am13b;0.057854;2916.100000;0.057249;2870.000000;0.000000
Am15;0.071904;3338.800000;0.070018;3207.000000;0.375587
N25_01.txt;0.146930;2359.633333;0.144660;2311.000000;0.390964
N25_02.txt;0.149059;19069.133333;0.146206;18717.500000;0.656073
N25_03.txt;0.148318;12440.466667;0.146618;12185.000000;0.586099
N25_04.txt;0.148888;24901.566667;0.147170;24438.500000;1.016844
N25_05.txt;0.150686;8037.966667;0.147143;7881.000000;0.792940
N30_01.txt;0.203985;4197.433333;0.198107;4115.000000;0.000000
N30_02.txt;0.207502;11047.733333;0.199196;10802.500000;0.213368
N30_03.txt;0.204027;23435.866667;0.199947;22745.000000;0.189411
N30_04.txt;0.204005;29268.533333;0.201003;28461.500000;0.211256
N30_05.txt;0.203547;58999.300000;0.200549;57837.000000;0.761324
