pSize: 100
gen: 500
nClonalSelection: 10
betaCoeff: 0.2
clonePop: 56
arraySize: 156
regQty: 40
seed: 
	822631622 1950746558 2018509421 1977271651 1154485664 873613900 1079904776 1996614224 957551651 1468655828 1554833386 493537116 517605228 414613327 1686421739 1668989539 1397773536 192719142 292825116 28808713 1879764871 629865995 1481953178 1230520375 1016495191 279288314 2104719713 1444792120 1522408516 419095000 
clonesPerI: 
	20 10 6 5 4 3 2 2 2 2 

Instancia;avgTime;avgCost;bestTime;bestCost
