pSize: 100
gen: 500
nClonalSelection: 10
betaCoeff: 0.2
clonePop: 56
arraySize: 156
regQty: 40
seed: 
	443905483 1916153584 1945945294 138061946 1823934000 484123377 803586913 341635091 1520982745 721617 1326342833 191299942 605205453 101021233 1851993047 1921423873 1430365837 151888295 118588800 1728906234 1688146551 1322308743 67561643 1784809916 1168359398 82484400 1618961481 825579068 2043073767 745136784 
clonesPerI: 
	20 10 6 5 4 3 2 2 2 2 

Instancia;avgTime;avgCost;bestTime;bestCost
S9;0.043751;1186.900000;0.037335;1181.500000;0.000000
S9H;0.037650;2296.700000;0.036449;2294.500000;0.000000
S10;0.042989;1385.533333;0.040825;1374.500000;0.000000
S11;0.046367;3522.800000;0.045574;3439.500000;0.000000
Am12a;0.052187;1573.266667;0.050841;1544.000000;0.981033
Am12b;0.051513;1686.400000;0.050736;1609.500000;0.000000
Am13a;0.057467;2489.400000;0.056726;2467.500000;0.000000
Am13b;0.058480;2908.200000;0.056566;2871.000000;0.034843
Am15;0.070752;3351.200000;0.069196;3214.000000;0.594679
N25_01.txt;0.147518;2359.533333;0.145830;2302.000000;0.000000
N25_02.txt;0.148649;19022.500000;0.146316;18653.500000;0.311903
N25_03.txt;0.149792;12501.566667;0.148661;12135.000000;0.173353
