pSize: 10
gen: 500
nClonalSelection: 1
betaCoeff: 0.2
clonePop: 2
arraySize: 12
regQty: 4
seed: 
	557868142 1745437944 1695855932 874973313 1289383693 1631785414 2104296059 1423751305 634194757 347640535 1252427187 1401725430 1013631493 505645116 2130056433 2014386010 1632613183 412826542 1545625943 297787270 431029845 144394830 1366211567 1561047341 1911280515 1599144418 1907756327 1415811233 1298972240 446907977 
clonesPerI: 
	2 

Instancia;avgTime;avgCost;bestTime;bestCost
S9;0.015790;1181.500000;0.007203;1181.500000;0.000000
