pSize: 100
gen: 500
nClonalSelection: 10
betaCoeff: 0.2
clonePop: 56
arraySize: 156
regQty: 40
seed: 
	160533836 1263224296 1434418414 628609291 1009139037 144848131 821915412 748430893 761970237 800808402 2006053336 788145817 1135764583 1301545505 1470800300 347175999 1817661360 11643408 482944610 1685132992 528565678 249504570 1879049148 2036513576 1059978825 1809590972 1483295480 1255755516 566015626 1687095763 
clonesPerI: 
	20 10 6 5 4 3 2 2 2 2 

Instancia;avgTime;avgCost;bestTime;bestCost
