pSize: 100
gen: 500
nClonalSelection: 10
betaCoeff: 0.2
clonePop: 56
arraySize: 156
regQty: 40
seed: 
	1433214236 660067230 458833105 1847646587 677208604 1870306958 687125498 252890654 923169819 291757710 737814478 624186900 1684634633 1350465452 1552517625 1659817845 1718480051 2029272419 1142015888 1463855301 183394719 320120638 465557429 1906612302 1524330506 11244888 1477428698 1109922988 208539350 652027962 
clonesPerI: 
	20 10 6 5 4 3 2 2 2 2 

Instancia;avgTime;avgCost;bestTime;bestCost
