pSize: 10
gen: 500
nClonalSelection: 1
betaCoeff: 0.2
clonePop: 2
arraySize: 12
regQty: 4
seed: 
	87322362 844883759 147549348 1132820841 2011481443 893490173 1843739634 1987898920 262618485 662238900 1761846657 1390654701 1375124880 1822358975 2065149013 1779778981 1078972375 459101028 1627384035 1126633975 1839242193 1569124641 1146569023 1927642278 1314337444 1525005108 1293934482 1742767234 1684484609 456511553 
clonesPerI: 
	2 

Instancia;avgTime;avgCost;bestTime;bestCost
S9;0.002524;1197.566667;0.002431;1181.500000;0.000000
S9H;0.002460;2306.166667;0.002432;2294.500000;0.000000
S10;0.002843;1413.733333;0.002757;1374.500000;0.000000
S11;0.003760;3605.033333;0.003103;3510.500000;2.064254
Am12a;0.003584;1643.666667;0.003470;1539.000000;0.654022
Am12b;0.003524;1724.566667;0.003469;1657.500000;2.982293
Am13a;0.003892;2556.866667;0.003862;2472.500000;0.202634
Am13b;0.003932;2996.466667;0.003867;2870.000000;0.000000
Am15;0.004853;3447.900000;0.004742;3247.000000;1.627543
N25_01.txt;0.010043;2394.266667;0.009950;2317.000000;0.651607
N25_02.txt;0.010049;19250.733333;0.009945;18790.500000;1.048641
N25_03.txt;0.010018;12514.566667;0.009936;12191.000000;0.635628
N25_04.txt;0.010040;25210.133333;0.009935;24641.500000;1.855947
N25_05.txt;0.010326;8092.533333;0.009925;7883.000000;0.818519
N30_01.txt;0.013559;4263.400000;0.013280;4134.000000;0.461725
N30_02.txt;0.013984;11243.533333;0.013381;10922.500000;1.326592
