pSize: 10
gen: 500
nClonalSelection: 1
betaCoeff: 0.2
clonePop: 2
arraySize: 12
regQty: 4
seed: 
	460421242 19336054 1006161586 1055498591 896391300 758543210 79677698 2122481163 1488745847 865883256 990925845 1179583906 980270828 412405953 1619818512 1190019935 254859271 1598839418 1795316274 750780355 69440423 839192563 384739554 909078089 955662831 1433242214 1553719244 321704999 214610830 485707730 
clonesPerI: 
	2 

Instancia;avgTime;avgCost;bestTime;bestCost
S9;0.006999;1181.500000;0.005678;1181.500000;0.000000
S9H;0.006784;2295.300000;0.004622;2294.500000;0.000000
S10;0.010460;1376.833333;0.007041;1374.500000;0.000000
S11;0.011319;3471.566667;0.007883;3439.500000;0.000000
Am12a;0.016993;1535.500000;0.009999;1529.000000;0.000000
Am12b;0.013419;1636.300000;0.010755;1609.500000;0.000000
Am13a;0.020856;2469.533333;0.016013;2467.500000;0.000000
Am13b;0.020346;2876.466667;0.016748;2870.000000;0.000000
Am15;0.041457;3210.600000;0.028082;3195.000000;0.000000
