pSize: 10
gen: 500
nClonalSelection: 1
betaCoeff: 0.2
clonePop: 2
arraySize: 12
regQty: 4
seed: 
	1755413110 53325438 134252531 834474455 214445705 39367881 864457351 1946892509 361726214 1544972750 206970908 9093868 982375469 755315810 2139756842 1318420354 164193840 1451137694 520988135 1414126601 38357360 251322387 1981987493 92022395 1719268625 1903017415 1926375662 1181070093 990022061 1113131667 
clonesPerI: 
	2 

Instancia;avgTime;avgCost;bestTime;bestCost
S9;0.002515;1195.133333;0.002433;1181.500000;0.000000
S9H;0.002464;2304.100000;0.002431;2294.500000;0.000000
S10;0.002797;1422.033333;0.002751;1374.500000;0.000000
S11;0.003173;3582.633333;0.003109;3439.500000;0.000000
Am12a;0.003549;1615.366667;0.003503;1545.000000;1.046436
Am12b;0.003534;1733.500000;0.003474;1645.500000;2.236719
Am13a;0.003926;2562.700000;0.003848;2470.500000;0.121581
Am13b;0.003950;2969.633333;0.003866;2870.000000;0.000000
Am15;0.004820;3451.666667;0.004689;3214.000000;0.594679
N25_01.txt;0.010013;2373.766667;0.009927;2302.000000;0.000000
N25_02.txt;0.009971;19354.666667;0.009922;18883.500000;1.548762
N25_03.txt;0.009996;12560.733333;0.009933;12245.000000;1.081393
N25_04.txt;0.009979;24892.466667;0.009915;24437.500000;1.012711
N25_05.txt;0.010029;8134.233333;0.009918;7930.000000;1.419619
N30_01.txt;0.013296;4239.333333;0.013224;4136.000000;0.510328
N30_02.txt;0.013656;11234.700000;0.013298;10983.500000;1.892481
N30_03.txt;0.013580;23764.633333;0.013279;22988.000000;1.259801
N30_04.txt;0.013414;29552.200000;0.013262;28669.500000;0.943612
N30_05.txt;0.013985;60153.833333;0.013291;57956.000000;0.968641
P1.txt;0.016516;31502.866667;0.015558;30812.500000;1.750186
P2.txt;0.016352;35648.000000;0.015564;34613.000000;1.880850
P3.txt;0.016014;36872.000000;0.015548;35636.500000;1.666072
P4.txt;0.017193;36173.400000;0.017133;35268.500000;1.736547
P5.txt;0.017188;32020.000000;0.017145;31206.000000;1.413669
P6.txt;0.017364;35919.000000;0.017166;34942.500000;1.504742
ste36_01.txt;0.018021;5985.766667;0.017947;5414.000000;9.021345
ste36_02.txt;0.018061;110670.133333;0.017974;101639.000000;16.305069
ste36_03.txt;0.017987;62647.866667;0.017966;56961.500000;13.730795
ste36_04.txt;0.018009;60951.700000;0.017961;53133.500000;13.684942
ste36_05.txt;0.018031;56916.600000;0.017969;50636.500000;13.819302
N40_01.txt;0.021546;56934.866667;0.021499;55313.500000;2.961515
N40_02.txt;0.021551;52008.700000;0.021482;50359.000000;2.966795
N40_03.txt;0.024094;42291.200000;0.021483;40322.500000;2.731175
N40_04.txt;0.023019;41045.866667;0.021516;39448.000000;2.852375
N40_05.txt;0.021882;54889.533333;0.021480;53394.000000;3.685723
QAP_sko42_01_n;0.023756;13236.100000;0.023235;12890.000000;1.248920
QAP_sko42_02_n;0.023585;112462.433333;0.023397;110226.500000;2.055432
QAP_sko42_03_n;0.024849;89969.766667;0.023412;87874.500000;1.419594
QAP_sko42_04_n;0.023837;71598.900000;0.023391;70575.000000;2.727762
QAP_sko42_05_n;0.023445;129907.300000;0.023403;126982.500000;2.390792
QAP_sko49_01_n;0.032568;21258.266667;0.030626;20946.000000;2.325354
QAP_sko49_02_n;0.036567;218162.966667;0.030646;214440.000000;3.067414
QAP_sko49_03_n;0.032130;170008.933333;0.030617;165561.000000;2.083462
QAP_sko49_04_n;0.033130;124351.200000;0.030644;121519.500000;2.767947
QAP_sko49_05_n;0.033285;349784.500000;0.030612;341943.000000;2.736182
QAP_sko56_01_n;0.040148;33405.166667;0.038765;32654.000000;2.133116
QAP_sko56_02_n;0.046540;262122.433333;0.038978;254878.000000;2.682712
QAP_sko56_03_n;0.039842;89295.566667;0.038950;87331.000000;2.520426
QAP_sko56_04_n;0.039583;163949.933333;0.038955;160019.000000;2.153263
QAP_sko56_05_n;0.039643;311946.833333;0.038940;306259.500000;3.404389
AKV_n_60_05;0.046382;174900.300000;0.044094;170465.000000;6.778875
CAP_n_60_d_30_L_30_1.txt;0.046138;226177.166667;0.044087;217586.000000;6.613291
CAP_n_60_d_30_L_30_2.txt;0.044526;211127.600000;0.044078;204580.500000;5.890802
CAP_n_60_d_30_L_30_3.txt;0.044253;179209.400000;0.044080;175163.500000;8.476828
CAP_n_60_d_30_L_40_1.txt;0.044845;148727.433333;0.044101;143711.500000;6.347797
CAP_n_60_d_30_L_40_2.txt;0.044301;174062.966667;0.044067;168153.000000;5.680833
CAP_n_60_d_30_L_40_3.txt;0.044242;173451.066667;0.044072;167466.500000;5.346376
CAP_n_60_d_30_L_50_1.txt;0.044143;123241.333333;0.044080;119683.500000;8.317231
CAP_n_60_d_30_L_50_2.txt;0.044157;129850.966667;0.044083;124671.000000;8.125618
CAP_n_60_d_30_L_50_3.txt;0.044157;128342.033333;0.044068;123176.000000;7.919430
CAP_n_60_d_30_L_60_1.txt;0.044114;119239.933333;0.044078;114463.000000;5.869567
CAP_n_60_d_30_L_60_2.txt;0.044105;119774.833333;0.044066;115321.500000;4.925006
CAP_n_60_d_30_L_60_3.txt;0.044180;101182.700000;0.044054;97286.000000;6.185398
CAP_n_60_d_60_L_30_1.txt;0.045449;468053.400000;0.043989;459707.500000;3.217495
CAP_n_60_d_60_L_30_2.txt;0.044042;430026.900000;0.043989;424294.500000;4.021668
CAP_n_60_d_60_L_30_3.txt;0.044087;441371.600000;0.043990;433464.500000;3.970138
CAP_n_60_d_60_L_40_1.txt;0.044151;333528.033333;0.044002;326433.000000;4.190499
CAP_n_60_d_60_L_40_2.txt;0.044125;340848.533333;0.043989;333969.500000;4.118675
CAP_n_60_d_60_L_40_3.txt;0.044162;385485.000000;0.043975;378228.500000;4.189295
CAP_n_60_d_60_L_50_1.txt;0.044099;290640.200000;0.043990;283155.000000;3.560456
CAP_n_60_d_60_L_50_2.txt;0.044710;285663.366667;0.043967;280281.500000;3.930948
CAP_n_60_d_60_L_50_3.txt;0.047643;310074.700000;0.044117;303173.000000;2.624747
CAP_n_60_d_60_L_60_1.txt;0.044923;240272.033333;0.044007;236377.000000;3.721434
CAP_n_60_d_60_L_60_2.txt;0.044163;259438.566667;0.044064;254629.000000;3.288131
CAP_n_60_d_60_L_60_3.txt;0.044155;216748.200000;0.044037;212656.500000;2.988089
CAP_n_60_d_90_L_30_1.txt;0.044314;650858.733333;0.044102;642084.000000;2.104476
CAP_n_60_d_90_L_30_2.txt;0.044984;582477.766667;0.044113;572783.500000;2.069425
CAP_n_60_d_90_L_30_3.txt;0.044579;612505.100000;0.044090;602752.500000;2.540929
CAP_n_60_d_90_L_40_1.txt;0.044852;493355.000000;0.044089;486947.000000;2.721466
CAP_n_60_d_90_L_40_2.txt;0.045091;499122.333333;0.044130;491013.000000;2.302261
CAP_n_60_d_90_L_40_3.txt;0.045218;534849.300000;0.044028;525716.000000;2.588340
CAP_n_60_d_90_L_50_1.txt;0.044420;499472.100000;0.044008;492102.000000;2.589001
CAP_n_60_d_90_L_50_2.txt;0.044351;462994.466667;0.043994;458666.000000;3.064063
CAP_n_60_d_90_L_50_3.txt;0.044449;514102.733333;0.044028;507265.500000;2.467011
CAP_n_60_d_90_L_60_1.txt;0.044361;399289.700000;0.044000;393469.500000;2.085720
CAP_n_60_d_90_L_60_2.txt;0.044797;358231.100000;0.044092;354209.000000;2.736277
CAP_n_60_d_90_L_60_3.txt;0.057191;423326.133333;0.044027;419095.000000;1.918751
QAP_sko64_05_n;0.066283;264430.000000;0.049541;256863.500000;2.388882
AKV_n_70_05;0.065750;2220143.966667;0.058342;2170700.500000;2.889211
