pSize: 20
gen: 1000
nClonalSelection: 2
betaCoeff: 0.2
clonePop: 6
arraySize: 26
regQty: 8
seed: 
	1823770618 565670686 1118574621 837420092 705797850 1656048014 1728695073 997646649 592493092 1481101988 1490153600 651649435 308245454 1316623164 420381918 1269029167 1314859579 206609819 2070663325 749447937 853604388 1728653491 1477248219 2099571300 238763155 1909630205 580801804 598850260 333497668 1527283724 
clonesPerI: 
	4 2 

Instancia;avgTime;avgCost;bestTime;bestCost
S9;0.033496;1181.500000;0.029903;1181.500000;0.000000
S9H;0.030649;2294.500000;0.026623;2294.500000;0.000000
S10;0.041102;1374.500000;0.037330;1374.500000;0.000000
S11;0.057473;3439.500000;0.049797;3439.500000;0.000000
Am12a;0.080679;1530.666667;0.071785;1529.000000;0.000000
Am12b;0.075362;1609.500000;0.069342;1609.500000;0.000000
Am13a;0.106297;2467.500000;0.099612;2467.500000;0.000000
