pSize: 100
gen: 500
nClonalSelection: 10
betaCoeff: 0.2
clonePop: 56
arraySize: 156
regQty: 40
seed: 
	1018006084 232672535 1350247111 638882669 1598120553 1511898282 1176816690 663400487 2032456785 1762277907 1540980748 1399884126 554204407 1356625555 1452443409 263583708 1484752892 1341229346 905679628 1247821532 536219931 2056732439 1661264040 987884134 1643587123 734979300 97635966 423516059 1009491704 780911192 
clonesPerI: 
	20 10 6 5 4 3 2 2 2 2 

Instancia;avgTime;avgCost;bestTime;bestCost
