pSize: 100
gen: 500
nClonalSelection: 10
betaCoeff: 0.2
clonePop: 56
arraySize: 156
regQty: 40
seed: 
	26424479 1453792136 1704747115 1841123207 1691505136 919468030 713184778 1210915513 1987097314 1260402089 421625822 1652543233 1236635293 1445178871 1507774462 2042754249 864117606 183258785 1300307316 1355322151 717948477 1662594048 615922441 1207033647 1030337924 749311372 1225458613 2127029783 1321984852 1880298961 
clonesPerI: 
	20 10 6 5 4 3 2 2 2 2 

Instancia;avgTime;avgCost;bestTime;bestCost
S9;0.037474;1186.500000;0.036695;1181.500000;0.000000
S9H;0.037118;2298.900000;0.036524;2294.500000;0.000000
S10;0.043548;1383.766667;0.041142;1374.500000;0.000000
