pSize: 100
gen: 500
nClonalSelection: 10
betaCoeff: 0.2
clonePop: 56
arraySize: 156
regQty: 40
seed: 
	578882593 1289078392 506335568 741646359 787113946 1697718940 242208809 1819648808 1116197212 701215253 2070678069 307859535 591105403 1040474419 534304056 790943761 402297566 1081212237 1712938507 1994769281 1642509918 1844527110 302789693 1383929876 2051951282 574851977 1023224563 1062317000 1242599979 2080518783 
clonesPerI: 
	20 10 6 5 4 3 2 2 2 2 

Instancia;avgTime;avgCost;bestTime;bestCost
