pSize: 100
gen: 500
nClonalSelection: 10
betaCoeff: 0.2
clonePop: 56
arraySize: 156
regQty: 40
seed: 
	1746527268 1958913562 950449817 404550814 1876366142 612512679 502738514 1313077483 1995572438 1407876358 1357824095 677715045 151137777 2056490684 1829316744 248988983 1670701856 1832506611 1480754909 212370550 295686513 1092296924 1766663304 1863067437 249761753 132393490 1137597566 891368888 1557097627 1145398888 
clonesPerI: 
	20 10 6 5 4 3 2 2 2 2 

Instancia;avgTime;avgCost;bestTime;bestCost
