pSize: 100
gen: 500
nClonalSelection: 10
betaCoeff: 0.2
clonePop: 56
arraySize: 156
regQty: 40
seed: 
	804885355 1163794130 822218170 937003994 854206792 1513116207 1132934132 309441029 29915364 873332681 1440649691 156104110 1777986836 727870069 285177370 34297648 1625038322 889946825 1828770821 1181014991 875432044 1836738829 1081313112 2076547773 1595493222 264374000 1525440421 1289448230 465116402 860460732 
clonesPerI: 
	20 10 6 5 4 3 2 2 2 2 

Instancia;avgTime;avgCost;bestTime;bestCost
S9;0.037244;1185.833333;0.036764;1181.500000;0.000000
S9H;0.037231;2298.533333;0.036587;2294.500000;0.000000
