pSize: 100
gen: 500
nClonalSelection: 10
betaCoeff: 0.2
clonePop: 56
arraySize: 156
regQty: 40
seed: 
	611978648 699862301 1431097050 1819106583 813369405 1971012076 1642939819 1159783659 779877900 1156227557 425302830 292644776 1603269814 1829153670 711117960 1301004035 645471084 24729542 1669894872 2031015725 624441155 2045524154 1532714977 660595352 1946193185 1273544778 88265863 784890393 307778226 1531291466 
clonesPerI: 
	20 10 6 5 4 3 2 2 2 2 

Instancia;avgTime;avgCost;bestTime;bestCost
