pSize: 100
gen: 500
nClonalSelection: 10
betaCoeff: 0.2
clonePop: 56
arraySize: 156
regQty: 40
seed: 
	667974626 206573739 1352738300 1948787789 1477300582 1571212253 385743552 231547940 1247721516 28140587 846846168 929224603 1179320967 1353974209 928544836 1821284936 1486289982 779322728 1009217099 1210799907 689085277 570185172 926403994 1715000847 1789982085 1538744451 1597506705 1966139759 1228166355 1720567855 
clonesPerI: 
	20 10 6 5 4 3 2 2 2 2 

Instancia;avgTime;avgCost;bestTime;bestCost
