pSize: 100
gen: 500
nClonalSelection: 10
betaCoeff: 0.2
clonePop: 56
arraySize: 156
regQty: 40
seed: 
	899838627 129332762 1638099835 200259147 1279894726 50555253 1635903410 1338200340 1954570587 2129642897 867120541 2125996685 1624038126 1401695373 1841089896 663848036 354699211 1682109432 1755424091 1428893702 1692769992 930897269 299129725 1138275253 1840683677 2074873118 744398797 88399983 2038616448 692417597 
clonesPerI: 
	20 10 6 5 4 3 2 2 2 2 

Instancia;avgTime;avgCost;bestTime;bestCost
