pSize: 100
gen: 500
nClonalSelection: 10
betaCoeff: 0.2
clonePop: 56
arraySize: 156
regQty: 40
seed: 
	1259481549 36329647 2071190253 1613014960 410702963 727401719 1289618083 673131624 1539828895 2043371585 7649375 1245330037 1978414552 2117311721 749316524 1075190647 1477248317 636571125 338016328 1096567774 1376717330 1604722643 1716931991 592689002 413153528 607096611 1950336917 793134201 894503717 2004372844 
clonesPerI: 
	20 10 6 5 4 3 2 2 2 2 

Instancia;avgTime;avgCost;bestTime;bestCost
