pSize: 50
gen: 1000
nClonalSelection: 10
betaCoeff: 0.2
clonePop: 27
arraySize: 77
regQty: 25
seed: 
	1259837753 1894994112 1988639769 1955363562 65644468 1679112497 1498611454 1626977081 1981130601 312257938 1831257743 1727189286 1747272914 422345258 363690710 803913513 1138742813 765601007 540804681 231102972 1845272198 1084580872 1065825378 1001602241 652291397 119920034 313277270 1863846682 1587201654 395793452 
clonesPerI: 
	10 5 3 2 2 1 1 1 1 1 

Instancia;avgTime;avgCost;bestTime;bestCost
S9;0.054850;1181.500000;0.054355;1181.500000;0.000000
