pSize: 10
gen: 500
nClonalSelection: 1
betaCoeff: 0.2
clonePop: 2
arraySize: 12
regQty: 4
seed: 
	2063150429 389026316 1438216922 942066741 1726462860 1276710487 510070163 1110483608 2093186842 1063737836 716505444 1417872878 1382009367 105446755 551652914 790462526 869585092 1696273434 633373963 1871332865 1122540834 1888443583 1907444586 1023679258 1950858264 1780576039 343002508 1834528928 336979780 820715662 
clonesPerI: 
	2 

Instancia;avgTime;avgCost;bestTime;bestCost
S9;0.003014;1193.466667;0.002505;1181.500000;0.000000
S9H;0.002969;2303.400000;0.002497;2294.500000;0.000000
S10;0.002877;1406.566667;0.002843;1374.500000;0.000000
S11;0.003388;3595.266667;0.003162;3439.500000;0.000000
Am12a;0.004179;1590.100000;0.003580;1542.000000;0.850229
Am12b;0.003626;1707.466667;0.003548;1609.500000;0.000000
Am13a;0.004077;2537.433333;0.003932;2470.500000;0.121581
Am13b;0.003944;2954.566667;0.003923;2872.000000;0.069686
Am15;0.004779;3402.866667;0.004764;3238.000000;1.345853
N25_01.txt;0.010943;2387.300000;0.009965;2308.000000;0.260643
N25_02.txt;0.009966;19378.033333;0.009948;18880.500000;1.532629
N25_03.txt;0.009968;12615.700000;0.009942;12327.000000;1.758296
N25_04.txt;0.009963;25319.166667;0.009939;24473.500000;1.161517
N25_05.txt;0.009951;8152.233333;0.009924;7944.000000;1.598670
N30_01.txt;0.013260;4289.333333;0.013237;4177.000000;1.506683
N30_02.txt;0.013452;11368.933333;0.013284;10983.500000;1.892481
N30_03.txt;0.013724;23929.466667;0.013296;22976.000000;1.206942
N30_04.txt;0.014718;30071.400000;0.013272;29090.500000;2.425928
N30_05.txt;0.013838;60684.500000;0.013386;58813.000000;2.461672
P1.txt;0.015712;31962.333333;0.015543;31022.500000;2.443656
P2.txt;0.016265;36003.933333;0.015591;34839.000000;2.546065
P3.txt;0.016280;37064.100000;0.015570;35801.500000;2.136795
P4.txt;0.018047;36453.700000;0.017180;35542.500000;2.526935
P5.txt;0.017790;32422.366667;0.017135;31204.000000;1.407169
P6.txt;0.018298;36111.933333;0.017138;34999.500000;1.670322
ste36_01.txt;0.019780;6251.400000;0.017934;5435.000000;9.444221
ste36_02.txt;0.018009;112885.266667;0.017964;96724.000000;10.680856
ste36_03.txt;0.018006;66355.600000;0.017968;58643.500000;17.089119
ste36_04.txt;0.018006;62587.200000;0.017975;56207.500000;20.262102
ste36_05.txt;0.017996;59990.000000;0.017966;52729.500000;18.523888
N40_01.txt;0.021515;57727.566667;0.021488;56122.500000;4.467402
N40_02.txt;0.021528;52496.866667;0.021500;49864.000000;1.954690
N40_03.txt;0.021538;42827.133333;0.021501;40163.500000;2.326085
N40_04.txt;0.021530;41383.066667;0.021504;40096.000000;4.541899
N40_05.txt;0.021532;55416.466667;0.021491;53713.000000;4.305189
QAP_sko42_01_n;0.023361;13306.733333;0.023323;12941.000000;1.649517
QAP_sko42_02_n;0.023507;113450.900000;0.023389;110047.500000;1.889701
QAP_sko42_03_n;0.023416;91201.633333;0.023384;89490.500000;3.284686
QAP_sko42_04_n;0.023399;72037.333333;0.023358;70437.000000;2.526892
QAP_sko42_05_n;0.023448;131085.266667;0.023378;127780.500000;3.034249
