pSize: 100
gen: 500
nClonalSelection: 10
betaCoeff: 0.2
clonePop: 56
arraySize: 156
regQty: 40
seed: 
	2127253358 1261843599 2109545629 387856910 142261226 144021348 942836988 460342504 1532977731 548417245 1699245533 681788313 1282360885 782282183 1039781221 37155562 172617375 692016351 393902318 1991380361 1410193995 1211489862 408956415 1383908410 68736645 1776809296 1978745821 1011711500 1364849630 1120653617 
clonesPerI: 
	20 10 6 5 4 3 2 2 2 2 

Instancia;avgTime;avgCost;bestTime;bestCost
