pSize: 100
gen: 500
nClonalSelection: 10
betaCoeff: 0.2
clonePop: 56
arraySize: 156
regQty: 40
seed: 
	2038357875 1536088628 1989407738 1673952222 360845173 1738247215 268118975 668508761 757521261 255561808 1251943216 980958972 1941914106 1389235097 726917907 91010290 1653828024 1973540059 2042358737 1909415733 1198406263 678161628 386362125 1971370503 1527384545 1142175913 447431226 667855768 1234962405 1251575534 
clonesPerI: 
	20 10 6 5 4 3 2 2 2 2 

Instancia;avgTime;avgCost;bestTime;bestCost
