pSize: 500
gen: 5000
nClonalSelection: 100
betaCoeff: 0.5
clonePop: 1246
arraySize: 1746
regQty: 50
seed: 
	1494090063 1934117723 420697113 1126548844 771432509 979701162 2097044797 1868995347 1586243701 2080687200 1425484620 1122951542 1131215430 907764681 1116557443 512165179 320373481 2120703834 1975646836 2025632134 485217380 131282248 1489965889 1724720268 900150869 1543022539 1499436700 1907400525 1434016559 28568689 
clonesPerI: 
	250 125 83 62 50 41 35 31 27 25 22 20 19 17 16 15 14 13 13 12 11 11 10 10 10 9 9 8 8 8 8 7 7 7 7 6 6 6 6 6 6 5 5 5 5 5 5 5 5 5 4 4 4 4 4 4 4 4 4 4 4 4 3 3 3 3 3 3 3 3 3 3 3 3 3 3 3 3 3 3 3 3 3 2 2 2 2 2 2 2 2 2 2 2 2 2 2 2 2 2 

Instancia;avgTime;avgCost;bestTime;bestCost
