pSize: 100
gen: 500
nClonalSelection: 10
betaCoeff: 0.2
clonePop: 56
arraySize: 156
regQty: 40
seed: 
	1661907173 1554742121 1248827848 1613709771 1912452789 599336826 1578073462 276464613 198744010 2145512389 1842307016 1532750797 2051685830 1285458788 711630628 2110659345 1781811041 857246783 743288936 1281897215 277119230 1716478075 2145358116 1468771310 374195897 2123938316 336057876 347581689 648589750 1185977713 
clonesPerI: 
	20 10 6 5 4 3 2 2 2 2 

Instancia;avgTime;avgCost;bestTime;bestCost
