pSize: 100
gen: 500
nClonalSelection: 10
betaCoeff: 0.2
clonePop: 56
arraySize: 156
regQty: 40
seed: 
	579457095 1059241549 1990781706 1777626166 931992563 515244854 1352307206 1666880400 1335812682 803478278 1153893714 1930340314 802583658 2001613198 1779307498 337487599 314495314 1539350275 426009448 867033453 920445788 757407932 1417834805 136564262 1118651467 296065198 1007190189 1744674196 1827292371 243687793 
clonesPerI: 
	20 10 6 5 4 3 2 2 2 2 

Instancia;avgTime;avgCost;bestTime;bestCost
