pSize: 100
gen: 500
nClonalSelection: 10
betaCoeff: 0.2
clonePop: 56
arraySize: 156
regQty: 40
seed: 
	876457400 1348232756 672498461 1367103320 544615776 1377001977 39817893 219991613 428312253 334483270 562026255 610854328 1714403016 336834019 1521034698 1413541705 408116812 1282378787 294393286 1118842052 1610243364 358380422 1044375341 933369875 1553215400 2073185325 1130009575 1551819249 603202013 1515926555 
clonesPerI: 
	20 10 6 5 4 3 2 2 2 2 

Instancia;avgTime;avgCost;bestTime;bestCost
