pSize: 100
gen: 500
nClonalSelection: 10
betaCoeff: 0.2
clonePop: 56
arraySize: 156
regQty: 40
seed: 
	1265465269 1988747537 1114548561 1408373356 1545444820 1246680288 1421144306 1979934436 297335978 1362089903 540198769 1763607028 1526335558 208055333 226452534 1788177587 413721580 718611437 817871524 1679665819 1475640261 524292656 319886548 999543224 1478077629 1836077019 1820237684 799052258 1586440714 1297850494 
clonesPerI: 
	20 10 6 5 4 3 2 2 2 2 

Instancia;avgTime;avgCost;bestTime;bestCost
