pSize: 100
gen: 500
nClonalSelection: 10
betaCoeff: 0.2
clonePop: 56
arraySize: 156
regQty: 40
seed: 
	1596692422 382610162 1300650436 25802227 1590240432 524029468 365216357 1513755675 613734059 1243617872 513263228 172803656 212953333 147914789 334302775 1289423151 1287819576 514445461 1959213973 328540783 193468767 1000653866 421033798 813401228 1622068868 760923714 744075029 1614897924 165651810 545414837 
clonesPerI: 
	20 10 6 5 4 3 2 2 2 2 

Instancia;avgTime;avgCost;bestTime;bestCost
S9;0.038289;1186.166667;0.037541;1181.500000;0.000000
S9H;0.039180;2298.566667;0.037428;2294.500000;0.000000
