pSize: 100
gen: 500
nClonalSelection: 10
betaCoeff: 0.2
clonePop: 56
arraySize: 156
regQty: 40
seed: 
	1633739175 1837518652 1651407200 1913963396 1498932388 907133971 152563343 1885897866 2087455834 335556579 998909851 1574476852 1583972370 852927857 329665055 882242701 979152591 1074845845 382940 1268796380 2048029878 1529619417 31697994 1646783180 1833978857 1476447902 682030641 807198263 325393575 1943448124 
clonesPerI: 
	20 10 6 5 4 3 2 2 2 2 

Instancia;avgTime;avgCost;bestTime;bestCost
S9;0.055473;1187.166667;0.040161;1181.500000;0.000000
