pSize: 100
gen: 500
nClonalSelection: 10
betaCoeff: 0.2
clonePop: 56
arraySize: 156
regQty: 40
seed: 
	502585802 394839089 1731081880 1615177147 1703775524 2097134964 555397888 1789425086 1569425843 2058997323 1806139736 1633699576 240224 187514795 1274610438 2108815697 1731720813 1986103255 676624197 861524906 81921402 1343616112 1284874982 1475514699 1071118712 1477246040 1310569033 1322246257 832351911 185573107 
clonesPerI: 
	20 10 6 5 4 3 2 2 2 2 

Instancia;avgTime;avgCost;bestTime;bestCost
S9;0.038894;1185.833333;0.037801;1181.500000;0.000000
S9H;0.041102;2300.500000;0.037615;2294.500000;0.000000
S10;0.043051;1380.433333;0.042290;1374.500000;0.000000
S11;0.048661;3515.100000;0.047220;3439.500000;0.000000
Am12a;0.056007;1552.300000;0.053812;1529.000000;0.000000
Am12b;0.056288;1688.500000;0.054146;1609.500000;0.000000
Am13a;0.061697;2509.500000;0.059731;2467.500000;0.000000
Am13b;0.063851;2913.366667;0.059977;2870.000000;0.000000
Am15;0.075923;3291.566667;0.072684;3195.000000;0.000000
N25_01.txt;0.157283;2354.966667;0.151326;2302.000000;0.000000
N25_02.txt;0.159773;19064.900000;0.153443;18675.500000;0.004302
N25_03.txt;0.155609;12421.266667;0.152940;12181.000000;0.005531
N25_04.txt;0.156040;24844.833333;0.153416;24365.500000;0.007151
N25_05.txt;0.155249;8051.033333;0.153195;7833.000000;0.001791
N30_01.txt;0.206287;4188.066667;0.204568;4118.000000;0.000729
N30_02.txt;0.207675;11049.700000;0.205146;10826.500000;0.004360
N30_03.txt;0.206727;23403.866667;0.205093;22760.000000;0.002555
N30_04.txt;0.205819;29317.766667;0.205330;28544.500000;0.005035
N30_05.txt;0.207580;58625.300000;0.205370;57683.000000;0.004930
P1.txt;0.244360;31236.700000;0.241653;30524.500000;0.007991
P2.txt;0.245646;34872.033333;0.242212;34066.000000;0.002708
P3.txt;0.244950;35936.933333;0.241566;35280.500000;0.006505
P4.txt;0.269642;35700.333333;0.266162;35071.500000;0.011683
P5.txt;0.272314;31476.266667;0.266376;30911.000000;0.004550
P6.txt;0.271529;35122.000000;0.266952;34548.500000;0.003602
