pSize: 100
gen: 500
nClonalSelection: 10
betaCoeff: 0.2
clonePop: 56
arraySize: 156
regQty: 40
seed: 
	1342458339 1300857640 166886717 1551727291 1779362333 149089565 1699653010 1157260329 768688976 932950258 728905342 2050495705 1769126096 998951399 1596368903 129125568 182114452 1922297407 1779812933 1665936679 1468110673 479212309 701304584 1277293137 2081788243 175096299 97502387 1543176295 1150083359 1346522455 
clonesPerI: 
	20 10 6 5 4 3 2 2 2 2 

Instancia;avgTime;avgCost;bestTime;bestCost
