pSize: 100
gen: 500
nClonalSelection: 10
betaCoeff: 0.2
clonePop: 56
arraySize: 156
regQty: 40
seed: 
	1504997574 1477122430 1675426605 1405863956 1275606841 2024184402 59566679 800239852 1512218684 1587593752 1424204041 1447205583 100845660 51132026 1971097252 1971475778 1721217989 107425852 1027768339 437169922 1857960563 525607471 1996007755 666514542 994601578 504132863 594240757 1745777356 1175308535 80767411 
clonesPerI: 
	20 10 6 5 4 3 2 2 2 2 

Instancia;avgTime;avgCost;bestTime;bestCost
S9;0.040521;1185.500000;0.037635;1181.500000;0.000000
S9H;0.038207;2300.633333;0.037348;2294.500000;0.000000
S10;0.045054;1386.133333;0.042078;1374.500000;0.000000
S11;0.047663;3522.066667;0.046904;3439.500000;0.000000
Am12a;0.054296;1551.666667;0.053473;1529.000000;0.000000
Am12b;0.054767;1683.000000;0.053472;1609.500000;0.000000
Am13a;0.059830;2489.166667;0.059370;2467.500000;0.000000
Am13b;0.060026;2907.100000;0.059255;2870.000000;0.000000
Am15;0.073445;3310.133333;0.072126;3195.000000;0.000000
N25_01.txt;0.154295;2350.566667;0.151106;2302.000000;0.000000
N25_02.txt;0.156935;19033.533333;0.152926;18656.500000;0.003280
N25_03.txt;0.156888;12433.233333;0.152693;12148.000000;0.002807
N25_04.txt;0.155721;24827.700000;0.153052;24334.500000;0.005870
N25_05.txt;0.155729;7973.300000;0.152908;7839.000000;0.002558
