pSize: 100
gen: 500
nClonalSelection: 10
betaCoeff: 0.2
clonePop: 56
arraySize: 156
regQty: 40
seed: 
	124007711 808610395 1701099003 611918435 248321956 1486689627 594498445 977061649 24110653 578847347 993320997 1639100 315388230 865035377 950301031 1602715526 919555869 1897199368 1053671502 781630616 1800094830 83549300 1338666267 2041024408 1791806672 1053047332 175961901 314334750 1379805853 277847686 
clonesPerI: 
	20 10 6 5 4 3 2 2 2 2 

Instancia;avgTime;avgCost;bestTime;bestCost
S9;0.037500;1186.833333;0.036948;1181.500000;0.000000
S9H;0.037690;2296.833333;0.036709;2294.500000;0.000000
S10;0.043734;1385.733333;0.041546;1374.500000;0.000000
S11;0.049126;3517.133333;0.046342;3439.500000;0.000000
Am12a;0.053665;1554.300000;0.051485;1532.000000;0.196207
Am12b;0.053573;1677.233333;0.051374;1609.500000;0.000000
Am13a;0.059385;2499.666667;0.058003;2467.500000;0.000000
Am13b;0.063974;2914.400000;0.057824;2870.000000;0.000000
Am15;0.071245;3333.300000;0.069482;3195.000000;0.000000
