pSize: 50
gen: 1000
nClonalSelection: 10
betaCoeff: 0.2
clonePop: 27
arraySize: 77
regQty: 25
seed: 
	894877032 841757043 114323388 438790655 778801584 143187036 960524180 1171733239 1017095534 1064637828 1387685466 884285249 1414476170 1873250929 366376096 1311792762 500684279 724671221 823511124 850569232 413374962 1707990369 994143220 152939612 656288004 1793044560 1550458848 212813263 1948760788 597852731 
clonesPerI: 
	10 5 3 2 2 1 1 1 1 1 

Instancia;avgTime;avgCost;bestTime;bestCost
S9;0.054045;1188.233333;0.053155;1181.500000;0.000000
S9H;0.054397;2295.400000;0.052910;2294.500000;0.000000
