pSize: 100
gen: 500
nClonalSelection: 10
betaCoeff: 0.2
clonePop: 56
arraySize: 156
regQty: 40
seed: 
	736207263 1730390195 1331111275 211911722 818682890 766632767 1603367049 1112246297 403973460 2070830279 1007608776 1499410169 1304009445 1799351275 1070793683 1651621368 1295906285 572445283 1830833928 1793411646 476708468 115672625 2082450364 394325118 1383588771 1046105227 133245963 1782361238 1433998732 1998445440 
clonesPerI: 
	20 10 6 5 4 3 2 2 2 2 

Instancia;avgTime;avgCost;bestTime;bestCost
