pSize: 100
gen: 500
nClonalSelection: 10
betaCoeff: 0.2
clonePop: 56
arraySize: 156
regQty: 40
seed: 
	1915310511 1311825511 407034938 681750392 631954512 1183960631 1985778060 1542257636 1330287639 1390502547 1601234121 1679358834 70513336 1193530855 2049135207 1460346681 2066020224 479136974 714874076 1505571078 2059933636 583830410 1751925085 1833729659 1568858516 133238000 469827104 833505955 471378130 564072894 
clonesPerI: 
	20 10 6 5 4 3 2 2 2 2 

Instancia;avgTime;avgCost;bestTime;bestCost
