Instancia;avgTime;avgCost;bestTime;bestCost
S9;0.024010;1187.233333;0.020554;1181.500000
S9H;0.023347;2296.900000;0.021030;2294.500000
S10;0.024591;1381.000000;0.021649;1374.500000
S11;0.025987;3523.033333;0.023148;3439.500000
Am12a;0.028088;1562.133333;0.024469;1529.000000
Am12b;0.027619;1690.333333;0.023800;1609.500000
Am13a;0.029286;2514.666667;0.025907;2467.500000
Am13b;0.030196;2916.866667;0.026122;2870.000000
Am15;0.031796;3301.300000;0.028356;3195.000000
N25_01.txt;0.047450;2363.566667;0.040633;2302.000000
N25_02.txt;0.048630;19147.166667;0.044740;18740.500000
N25_03.txt;0.046171;12476.700000;0.043008;12188.000000
N25_04.txt;0.044567;24725.000000;0.040443;24316.500000
N25_05.txt;0.049003;8039.266667;0.042337;7838.000000
N30_01.txt;0.056540;4207.866667;0.049177;4118.000000
N30_02.txt;0.055984;11088.000000;0.048996;10824.500000
N30_03.txt;0.059605;23375.333333;0.049150;22745.000000
N30_04.txt;0.056117;29474.066667;0.050914;28622.500000
N30_05.txt;0.058887;58919.766667;0.052490;57985.000000
P1.txt;0.063240;30967.666667;0.057896;30496.500000
P2.txt;0.064162;34971.633333;0.058885;34146.000000
P3.txt;0.063031;36191.133333;0.058059;35153.500000
P4.txt;0.064752;35529.766667;0.059165;34787.500000
P5.txt;0.067740;31412.400000;0.059676;30903.000000
P6.txt;0.065917;35560.166667;0.059348;34474.500000
ste36_01.txt;0.068967;5730.866667;0.061957;5164.000000
ste36_02.txt;0.069640;101918.966667;0.063437;92555.000000
ste36_03.txt;0.069484;59427.400000;0.062045;53550.500000
ste36_04.txt;0.069519;55616.066667;0.063244;49941.500000
ste36_05.txt;0.069417;52387.000000;0.062890;47300.500000
N40_01.txt;0.075160;55698.033333;0.067464;54228.500000
N40_02.txt;0.080237;50745.000000;0.068259;49209.000000
N40_03.txt;0.079413;40922.133333;0.071590;39575.500000
N40_04.txt;0.078100;39760.933333;0.073264;38539.000000
N40_05.txt;0.080843;53347.533333;0.071585;51846.000000
QAP_sko42_01_n;0.086919;13090.766667;0.075446;12873.000000
QAP_sko42_02_n;0.083710;110713.533333;0.074718;108563.500000
QAP_sko42_03_n;0.084294;88894.166667;0.074726;87200.500000
QAP_sko42_04_n;0.081491;70120.333333;0.073852;69192.000000
QAP_sko42_05_n;0.083117;126926.666667;0.074800;124761.500000
QAP_sko49_01_n;0.105653;21014.033333;0.094388;20662.000000
QAP_sko49_02_n;0.105675;213725.300000;0.097001;209144.000000
QAP_sko49_03_n;0.102145;166583.233333;0.089910;163564.000000
QAP_sko49_04_n;0.106095;121525.933333;0.095114;119211.500000
QAP_sko49_05_n;0.104902;341485.166667;0.091294;335278.000000
QAP_sko56_01_n;0.120290;32976.266667;0.109396;32197.000000
QAP_sko56_02_n;0.123524;255331.066667;0.112958;250108.000000
QAP_sko56_03_n;0.122750;87345.100000;0.113205;86121.000000
QAP_sko56_04_n;0.127380;160298.166667;0.117953;158255.000000
QAP_sko56_05_n;0.124026;305658.033333;0.111033;301195.500000
AKV_n_60_05;0.136131;167466.933333;0.121907;163091.000000
CAP_n_60_d_30_L_30_1.txt;0.137702;216899.833333;0.123627;209396.000000
CAP_n_60_d_30_L_30_2.txt;0.140437;202553.033333;0.120674;198391.500000
CAP_n_60_d_30_L_30_3.txt;0.138104;170062.766667;0.121687;166464.500000
CAP_n_60_d_30_L_40_1.txt;0.136809;142430.233333;0.127511;138439.500000
CAP_n_60_d_30_L_40_2.txt;0.132929;166088.000000;0.123363;163152.000000
CAP_n_60_d_30_L_40_3.txt;0.133866;166926.133333;0.117615;162798.500000
CAP_n_60_d_30_L_50_1.txt;0.141654;117286.866667;0.126416;113242.500000
CAP_n_60_d_30_L_50_2.txt;0.143185;123898.666667;0.132371;119932.000000
CAP_n_60_d_30_L_50_3.txt;0.137077;122513.900000;0.121763;117584.000000
CAP_n_60_d_30_L_60_1.txt;0.138051;114971.866667;0.120466;111539.000000
CAP_n_60_d_30_L_60_2.txt;0.145868;115703.400000;0.132803;112469.500000
CAP_n_60_d_30_L_60_3.txt;0.141566;96630.266667;0.128949;95084.000000
CAP_n_60_d_60_L_30_1.txt;0.132567;456942.866667;0.117153;450882.500000
CAP_n_60_d_60_L_30_2.txt;0.137515;418829.500000;0.126637;414878.500000
CAP_n_60_d_60_L_30_3.txt;0.138669;429224.933333;0.128798;420909.500000
CAP_n_60_d_60_L_40_1.txt;0.141346;322545.533333;0.133843;316488.000000
CAP_n_60_d_60_L_40_2.txt;0.135951;330833.366667;0.122786;324617.500000
CAP_n_60_d_60_L_40_3.txt;0.131744;374029.200000;0.122435;370181.500000
CAP_n_60_d_60_L_50_1.txt;0.137576;281566.466667;0.125621;278551.000000
CAP_n_60_d_60_L_50_2.txt;0.140514;278309.700000;0.126348;274504.500000
CAP_n_60_d_60_L_50_3.txt;0.139741;302980.200000;0.129014;300025.000000
CAP_n_60_d_60_L_60_1.txt;0.141524;234698.366667;0.127289;230855.000000
CAP_n_60_d_60_L_60_2.txt;0.141745;252460.633333;0.128308;249629.000000
CAP_n_60_d_60_L_60_3.txt;0.140434;211712.833333;0.126515;209131.500000
CAP_n_60_d_90_L_30_1.txt;0.143404;639540.300000;0.126184;633767.000000
CAP_n_60_d_90_L_30_2.txt;0.129894;571532.033333;0.119389;566157.500000
CAP_n_60_d_90_L_30_3.txt;0.137252;599679.466667;0.123595;592589.500000
CAP_n_60_d_90_L_40_1.txt;0.138907;482765.000000;0.121198;478657.000000
CAP_n_60_d_90_L_40_2.txt;0.135570;487344.133333;0.119714;482437.000000
CAP_n_60_d_90_L_40_3.txt;0.138948;522465.600000;0.127646;517132.000000
CAP_n_60_d_90_L_50_1.txt;0.136310;488177.800000;0.125402;484394.000000
CAP_n_60_d_90_L_50_2.txt;0.140268;452484.733333;0.126670;449417.000000
CAP_n_60_d_90_L_50_3.txt;0.139604;503152.333333;0.123926;499665.500000
CAP_n_60_d_90_L_60_1.txt;0.139253;391742.200000;0.129975;387449.500000
CAP_n_60_d_90_L_60_2.txt;0.134210;350850.166667;0.123563;347422.000000
CAP_n_60_d_90_L_60_3.txt;0.135059;416585.766667;0.119807;413311.000000
QAP_sko64_05_n;0.144087;259030.433333;0.132730;254547.500000
AKV_n_70_05;0.171711;2157203.333333;0.159938;2136568.500000
