pSize: 100
gen: 1000
nClonalSelection: 50
betaCoeff: 0.3
clonePop: 131
arraySize: 231
regQty: 50
seed: 
	375409521 1987794464 2122155458 2131842343 1809570592 768706515 148861282 1143943793 363444080 1775735875 428172166 1376980106 764809823 1011575169 126640629 678675019 2095939475 2068980210 1909239410 433643182 1046748710 1741779751 1389783208 1944620482 1957653204 229717798 1292832995 124748001 546763031 596952280 
clonesPerI: 
	30 15 10 7 6 5 4 3 3 3 2 2 2 2 2 1 1 1 1 1 1 1 1 1 1 1 1 1 1 1 1 1 1 1 1 1 1 1 1 1 1 1 1 1 1 1 1 1 1 1 

Instancia;avgTime;avgCost;bestTime;bestCost;GAP
S9;0.153586;1182.500000;0.121950;1181.500000;0.000000
