pSize: 100
gen: 1000
nClonalSelection: 50
betaCoeff: 0.3
clonePop: 131
arraySize: 231
regQty: 50
seed: 
	1369129863 1986801488 2098119646 2001734793 1902203267 1665351246 1714117817 473339552 241121350 1850578566 281065663 34883697 1777934312 721795425 1627078545 854744346 1721424040 332870252 854273551 2130676500 578114866 1977432766 32405728 631209297 974381916 1592980347 1023496000 1202780757 1625044880 1261794017 
clonesPerI: 
	30 15 10 7 6 5 4 3 3 3 2 2 2 2 2 1 1 1 1 1 1 1 1 1 1 1 1 1 1 1 1 1 1 1 1 1 1 1 1 1 1 1 1 1 1 1 1 1 1 1 

Instancia;avgTime;avgCost;bestTime;bestCost
S9;0.050561;1182.166667;0.049869;1181.500000;0.000000
S9H;0.050747;2295.400000;0.049651;2294.500000;0.000000
S10;0.054402;1377.433333;0.054333;1374.500000;0.000000
S11;0.057005;3493.733333;0.056902;3439.500000;0.000000
Am12a;0.062631;1550.233333;0.062455;1532.000000;0.001962
Am12b;0.062457;1667.066667;0.062298;1609.500000;0.000000
Am13a;0.066823;2489.566667;0.066461;2467.500000;0.000000
Am13b;0.066794;2893.133333;0.066430;2870.000000;0.000000
Am15;0.075925;3254.400000;0.075638;3195.000000;0.000000
N25_01.txt;0.130624;2363.733333;0.130286;2313.000000;0.004778
N25_02.txt;0.131784;19048.666667;0.131258;18629.500000;0.001828
N25_03.txt;0.131768;12397.866667;0.131506;12154.000000;0.003302
N25_04.txt;0.132027;24839.300000;0.131555;24263.500000;0.002935
N25_05.txt;0.132157;7987.833333;0.131691;7835.000000;0.002046
N30_01.txt;0.165260;4198.866667;0.164705;4115.000000;0.000000
N30_02.txt;0.166204;11096.533333;0.165829;10799.500000;0.001855
N30_03.txt;0.166451;23347.366667;0.166082;22730.000000;0.001233
N30_04.txt;0.166771;29271.266667;0.166326;28507.500000;0.003732
N30_05.txt;0.170106;58671.333333;0.166719;57523.000000;0.002143
P1.txt;0.194660;31053.233333;0.193566;30430.500000;0.004887
P2.txt;0.195618;34790.533333;0.193898;34068.000000;0.002767
P3.txt;0.195061;35933.133333;0.193818;35260.500000;0.005934
P4.txt;0.211094;35627.433333;0.209436;34805.500000;0.004010
P5.txt;0.210468;31385.500000;0.209245;30916.000000;0.004712
P6.txt;0.211475;35224.600000;0.209923;34493.500000;0.002004
ste36_01.txt;0.217470;5528.200000;0.216881;4966.000000;0.000000
ste36_02.txt;0.220478;99822.200000;0.218537;89847.000000;0.028115
ste36_03.txt;0.219233;56514.100000;0.218076;51160.500000;0.021484
ste36_04.txt;0.221073;53790.566667;0.218651;48499.500000;0.037700
ste36_05.txt;0.219799;50653.933333;0.217976;46026.500000;0.034571
N40_01.txt;0.256303;55448.566667;0.253980;53853.500000;0.002438
N40_02.txt;0.256164;50199.066667;0.253985;49013.000000;0.002147
N40_03.txt;0.262643;40613.866667;0.253905;39586.500000;0.008560
N40_04.txt;0.267293;39754.300000;0.261649;38466.000000;0.002920
N40_05.txt;0.264556;53235.366667;0.260846;51810.000000;0.006098
QAP_sko42_01_n;0.282958;12993.133333;0.273279;12777.000000;0.003613
QAP_sko42_02_n;0.283043;109837.166667;0.277851;108303.500000;0.002750
QAP_sko42_03_n;0.284106;88109.500000;0.278609;86866.500000;0.002562
QAP_sko42_04_n;0.284383;69750.966667;0.277725;69017.000000;0.004600
QAP_sko42_05_n;0.285151;125930.366667;0.278027;124383.500000;0.002951
QAP_sko49_01_n;0.353547;20791.700000;0.337628;20517.000000;0.002296
QAP_sko49_02_n;0.352244;211329.033333;0.343142;208804.000000;0.003586
QAP_sko49_03_n;0.361798;164822.666667;0.348260;162735.000000;0.003410
