pSize: 1000
gen: 500
nClonalSelection: 100
betaCoeff: 0.15
clonePop: 482
arraySize: 1482
regQty: 50
seed: 19283
clonesPerI: 100 50 33 25 20 16 14 12 11 10 9 8 7 7 6 6 5 5 5 5 4 4 4 4 4 3 3 3 3 3 3 3 3 2 2 2 2 2 2 2 2 2 2 2 2 2 2 2 2 2 1 1 1 1 1 1 1 1 1 1 1 1 1 1 1 1 1 1 1 1 1 1 1 1 1 1 1 1 1 1 1 1 1 1 1 1 1 1 1 1 1 1 1 1 1 1 1 1 1 1 

Instancia;avgTime;avgCost;bestTime;bestCost
S9;0.110799;1182.700000;0.100429;1181.500000
S9H;0.103295;2295.200000;0.094823;2294.500000
S10;0.115787;1377.466667;0.109092;1374.500000
S11;0.119674;3482.533333;0.106890;3439.500000
Am12a;0.131897;1543.566667;0.117133;1529.000000
Am12b;0.132507;1653.033333;0.118881;1609.500000
Am13a;0.134202;2473.533333;0.124876;2467.500000
Am13b;0.136200;2901.766667;0.119907;2870.000000
Am15;0.152256;3248.166667;0.142632;3195.000000
N25_01.txt;0.250727;2349.333333;0.220933;2311.000000
N25_02.txt;0.251323;18959.133333;0.235147;18737.500000
N25_03.txt;0.252434;12388.166667;0.229650;12177.000000
N25_04.txt;0.252981;24678.533333;0.237469;24310.500000
N25_05.txt;0.255252;7987.166667;0.227036;7832.000000
N30_01.txt;0.299204;4195.133333;0.271862;4119.000000
N30_02.txt;0.305230;11011.733333;0.283691;10822.500000
N30_03.txt;0.309755;23157.966667;0.278114;22717.000000
N30_04.txt;0.310688;29223.333333;0.290829;28463.500000
N30_05.txt;0.299663;58585.866667;0.289213;57851.000000
P1.txt;0.328247;31020.266667;0.310489;30437.500000
P2.txt;0.349906;34851.933333;0.320879;34074.000000
P3.txt;0.343404;35902.400000;0.296582;35114.500000
P4.txt;0.379219;35535.366667;0.337035;34818.500000
P5.txt;0.372555;31473.000000;0.338424;30904.000000
P6.txt;0.359325;35145.133333;0.329466;34480.500000
ste36_01.txt;0.393743;5479.033333;0.356880;5062.000000
ste36_02.txt;0.374182;98373.266667;0.343188;89818.000000
ste36_03.txt;0.381788;55584.933333;0.358363;51104.500000
ste36_04.txt;0.375086;54294.866667;0.353598;48680.500000
ste36_05.txt;0.386670;50810.600000;0.364261;46411.500000
N40_01.txt;0.418342;55116.066667;0.384138;53792.500000
N40_02.txt;0.438538;50575.200000;0.405229;48962.000000
N40_03.txt;0.449364;40612.966667;0.411502;39425.500000
N40_04.txt;0.448309;39386.300000;0.412707;38465.000000
N40_05.txt;0.454048;53031.333333;0.412257;51591.000000
QAP_sko42_01_n;0.479368;12987.000000;0.437600;12740.000000
QAP_sko42_02_n;0.468870;109874.433333;0.439696;108293.500000
QAP_sko42_03_n;0.469466;87968.766667;0.428506;86762.500000
QAP_sko42_04_n;0.478524;69658.233333;0.422141;68914.000000
QAP_sko42_05_n;0.475432;126149.833333;0.439936;124260.500000
QAP_sko49_01_n;0.595941;20853.933333;0.554118;20511.000000
QAP_sko49_02_n;0.602537;211956.433333;0.551147;208303.000000
QAP_sko49_03_n;0.602606;164596.566667;0.553294;162544.000000
QAP_sko49_04_n;0.590608;121038.300000;0.537483;118676.500000
QAP_sko49_05_n;0.590571;340616.800000;0.536122;333804.000000
QAP_sko56_01_n;0.732593;32517.433333;0.684408;32036.000000
QAP_sko56_02_n;0.726628;252460.700000;0.677507;248565.000000
QAP_sko56_03_n;0.699504;86471.700000;0.662756;85615.000000
QAP_sko56_04_n;0.720253;159035.200000;0.679309;156965.000000
QAP_sko56_05_n;0.729059;301749.933333;0.675846;296524.500000
AKV_n_60_05;0.813910;164027.633333;0.742274;160773.000000
CAP_n_60_d_30_L_30_1.txt;0.824490;212796.233333;0.772224;204938.000000
CAP_n_60_d_30_L_30_2.txt;0.829312;198633.000000;0.763653;195027.500000
CAP_n_60_d_30_L_30_3.txt;0.821682;166881.133333;0.749646;163349.500000
CAP_n_60_d_30_L_40_1.txt;0.864471;139367.700000;0.740704;136178.500000
CAP_n_60_d_30_L_40_2.txt;0.879275;162812.033333;0.814041;160087.000000
