pSize: 100
gen: 500
nClonalSelection: 50
betaCoeff: 0.3
clonePop: 131
arraySize: 231
regQty: 30
seed: 
	1361238680 1169178062 1193596694 469201355 544859516 1717012317 1854188130 237273412 252899916 1819425609 1097036147 1318492421 225031498 1965892726 1634566475 197633949 1105793893 1883434137 591885893 1170946441 1087052071 1992500679 2140921811 849817083 895828789 1290794630 2028645036 1290384835 70592123 233138213 
clonesPerI: 
	30 15 10 7 6 5 4 3 3 3 2 2 2 2 2 1 1 1 1 1 1 1 1 1 1 1 1 1 1 1 1 1 1 1 1 1 1 1 1 1 1 1 1 1 1 1 1 1 1 1 

Instancia;avgTime;avgCost;bestTime;bestCost
S9;0.022605;1182.166667;0.022207;1181.500000;0.000000
S9H;0.022054;2295.900000;0.021944;2294.500000;0.000000
S10;0.024219;1377.066667;0.024065;1374.500000;0.000000
S11;0.025285;3482.700000;0.025152;3439.500000;0.000000
Am12a;0.027781;1551.166667;0.027668;1529.000000;0.000000
Am12b;0.027707;1685.033333;0.027541;1609.500000;0.000000
Am13a;0.029607;2494.533333;0.029376;2467.500000;0.000000
Am13b;0.029741;2906.433333;0.029384;2870.000000;0.000000
Am15;0.033559;3286.266667;0.033353;3195.000000;0.000000
N25_01.txt;0.057482;2347.333333;0.057329;2308.000000;0.002606
N25_02.txt;0.058218;19038.900000;0.058025;18688.500000;0.005001
N25_03.txt;0.058266;12443.466667;0.058079;12186.000000;0.005944
N25_04.txt;0.058375;24736.966667;0.058142;24244.500000;0.002149
N25_05.txt;0.058276;8029.200000;0.058102;7873.000000;0.006906
N30_01.txt;0.072649;4187.333333;0.072116;4119.000000;0.000972
N30_02.txt;0.073255;11090.900000;0.073097;10849.500000;0.006494
N30_03.txt;0.075021;23334.366667;0.073038;22759.000000;0.002511
N30_04.txt;0.073882;29108.633333;0.073239;28480.500000;0.002782
N30_05.txt;0.075626;58870.466667;0.073355;57937.000000;0.009355
P1.txt;0.088686;31121.733333;0.086091;30422.500000;0.004623
P2.txt;0.088111;34773.466667;0.086219;34078.000000;0.003061
P3.txt;0.086588;35987.333333;0.085002;35440.500000;0.011069
P4.txt;0.092814;35620.900000;0.091582;34913.500000;0.007125
P5.txt;0.092526;31578.600000;0.091752;30938.000000;0.005427
P6.txt;0.093421;35264.566667;0.091685;34522.500000;0.002847
ste36_01.txt;0.094943;5617.433333;0.094590;5051.000000;0.017116
ste36_02.txt;0.097748;102002.333333;0.097584;92421.000000;0.057570
ste36_03.txt;0.095916;57175.766667;0.095553;52191.500000;0.042069
ste36_04.txt;0.097492;55576.766667;0.095826;50092.500000;0.071784
ste36_05.txt;0.099695;51926.033333;0.095675;46283.500000;0.040348
N40_01.txt;0.114923;55745.433333;0.111986;54168.500000;0.008302
N40_02.txt;0.112651;50586.366667;0.111331;48970.000000;0.001268
N40_03.txt;0.112755;40842.333333;0.111275;39381.500000;0.003338
N40_04.txt;0.113068;39959.933333;0.111427;38539.000000;0.004823
N40_05.txt;0.113035;53088.833333;0.111942;51739.000000;0.004719
QAP_sko42_01_n;0.120209;13017.033333;0.118245;12821.000000;0.007069
QAP_sko42_02_n;0.119703;110313.033333;0.118972;108212.500000;0.001907
QAP_sko42_03_n;0.121179;88672.200000;0.119218;87283.500000;0.007375
QAP_sko42_04_n;0.119465;70093.433333;0.118979;69122.000000;0.006128
QAP_sko42_05_n;0.121214;126770.833333;0.119215;124800.500000;0.006314
QAP_sko49_01_n;0.147183;20870.433333;0.146708;20552.000000;0.004006
QAP_sko49_02_n;0.150464;213490.733333;0.148420;209213.000000;0.005551
QAP_sko49_03_n;0.149047;165406.933333;0.148205;163132.000000;0.005858
QAP_sko49_04_n;0.149867;121571.300000;0.148311;119298.500000;0.008897
QAP_sko49_05_n;0.157399;342554.700000;0.148263;336361.000000;0.010591
QAP_sko56_01_n;0.186336;32780.866667;0.183424;32127.000000;0.004848
QAP_sko56_02_n;0.184396;254327.966667;0.183809;250703.000000;0.010007
QAP_sko56_03_n;0.185916;87071.466667;0.184063;85911.000000;0.008534
QAP_sko56_04_n;0.184507;160008.066667;0.183755;158315.000000;0.010655
QAP_sko56_05_n;0.185677;305417.266667;0.183972;298724.500000;0.008603
AKV_n_60_05;0.205668;166008.733333;0.204051;162716.000000;0.019249
CAP_n_60_d_30_L_30_1.txt;0.206699;215824.800000;0.204440;207732.000000;0.017850
CAP_n_60_d_30_L_30_2.txt;0.205665;201363.766667;0.204085;196993.500000;0.019638
CAP_n_60_d_30_L_30_3.txt;0.206102;168997.733333;0.204260;164184.500000;0.016777
CAP_n_60_d_30_L_40_1.txt;0.205973;141323.233333;0.204127;137280.500000;0.015888
CAP_n_60_d_30_L_40_2.txt;0.206164;165977.666667;0.204078;161569.000000;0.015429
CAP_n_60_d_30_L_40_3.txt;0.205685;166081.133333;0.204192;161954.500000;0.018790
CAP_n_60_d_30_L_50_1.txt;0.207649;116517.866667;0.203902;112542.500000;0.018544
CAP_n_60_d_30_L_50_2.txt;0.214787;122956.200000;0.205169;118913.000000;0.031318
CAP_n_60_d_30_L_50_3.txt;0.215218;120462.100000;0.205179;116623.000000;0.021781
CAP_n_60_d_30_L_60_1.txt;0.223734;114401.666667;0.204307;110228.000000;0.019525
CAP_n_60_d_30_L_60_2.txt;0.206972;114786.366667;0.203050;111758.500000;0.016832
CAP_n_60_d_30_L_60_3.txt;0.208680;96017.666667;0.205603;94072.000000;0.026774
CAP_n_60_d_60_L_30_1.txt;0.207378;456031.700000;0.205428;450501.500000;0.011505
CAP_n_60_d_60_L_30_2.txt;0.207539;418380.733333;0.206058;413090.500000;0.012749
CAP_n_60_d_60_L_30_3.txt;0.204959;429988.766667;0.204015;420421.500000;0.008417
CAP_n_60_d_60_L_40_1.txt;0.205873;321504.666667;0.203536;317549.000000;0.013549
CAP_n_60_d_60_L_40_2.txt;0.205701;329475.600000;0.203881;324908.500000;0.012938
