pSize: 100
gen: 1000
nClonalSelection: 50
betaCoeff: 0.3
clonePop: 131
arraySize: 231
regQty: 50
seed: 
	591915856 42550519 1782010215 76881458 178477565 1480970134 802815814 936157235 1864911551 1525881790 1974109014 1045480844 1051124983 1593135061 917321632 417231083 1293360045 616883266 1933529778 869575866 1104510430 1248829977 1277710201 357128282 931872028 2011517738 1371168698 1024134740 67273059 465021580 
clonesPerI: 
	30 15 10 7 6 5 4 3 3 3 2 2 2 2 2 1 1 1 1 1 1 1 1 1 1 1 1 1 1 1 1 1 1 1 1 1 1 1 1 1 1 1 1 1 1 1 1 1 1 1 

Instancia;avgTime;avgCost;bestTime;bestCost;GAP
S9;0.090448;1181.500000;0.090415;1181.500000;0.000000
S9H;0.100498;2295.100000;0.100450;2294.500000;0.000000
S10;0.110501;1377.966667;0.110451;1374.500000;0.000000
S11;0.130558;3473.266667;0.130487;3439.500000;0.000000
Am12a;0.150595;1541.833333;0.150533;1529.000000;0.000000
Am12b;0.140554;1665.000000;0.140504;1609.500000;0.000000
Am13a;0.150584;2486.066667;0.150519;2467.500000;0.000000
Am13b;0.150595;2893.800000;0.150538;2870.000000;0.000000
Am15;0.190708;3268.000000;0.190570;3195.000000;0.000000
N25_01.txt;2.113905;2343.500000;2.113569;2302.000000;0.000000
N25_02.txt;1.531828;18951.033333;1.531622;18648.500000;0.002850
N25_03.txt;1.527716;12379.566667;1.527594;12177.000000;0.005201
N25_04.txt;1.562769;24615.433333;1.562674;24219.500000;0.001116
N25_05.txt;1.430647;7960.300000;1.430484;7840.000000;0.002686
N30_01.txt;1.971980;4164.033333;1.971800;4118.000000;0.000729
N30_02.txt;1.942922;11022.700000;1.942724;10806.500000;0.002505
N30_03.txt;2.121253;23114.633333;2.120901;22731.000000;0.001277
N30_04.txt;2.260453;29161.900000;2.260244;28505.500000;0.003662
N30_05.txt;2.276309;58440.466667;2.276125;57613.000000;0.003711
P1.txt;2.876742;30838.266667;2.876488;30315.500000;0.001090
P2.txt;3.159036;34670.100000;3.158723;33985.000000;0.000324
P3.txt;3.125135;35841.000000;3.124812;35113.500000;0.001740
P4.txt;3.576410;35355.000000;3.576149;34667.500000;0.000029
P5.txt;3.302178;31291.200000;3.301891;30871.000000;0.003250
P6.txt;3.381429;35132.866667;3.380772;34438.500000;0.000407
ste36_01.txt;2.808697;5401.733333;2.808396;4966.000000;0.000000
ste36_02.txt;4.334530;95709.700000;4.334240;88851.000000;0.016718
ste36_03.txt;3.974963;54660.133333;3.974427;50710.500000;0.012499
ste36_04.txt;4.196153;52029.366667;4.195738;47691.500000;0.020412
ste36_05.txt;3.959759;49140.400000;3.959358;46162.500000;0.037628
N40_01.txt;5.197257;54955.800000;5.196815;53734.500000;0.000223
N40_02.txt;5.561423;50260.500000;5.561112;48956.000000;0.000981
N40_03.txt;5.450301;40609.100000;5.449988;39278.500000;0.000713
N40_04.txt;5.375237;39529.500000;5.374877;38491.000000;0.003572
N40_05.txt;5.425437;52657.766667;5.424958;51555.000000;0.001146
QAP_sko42_01_n;3.903809;12931.000000;3.903539;12741.000000;0.000785
QAP_sko42_02_n;7.246932;109588.800000;7.246379;108063.500000;0.000528
QAP_sko42_03_n;6.716302;87903.366667;6.715661;86731.500000;0.001004
QAP_sko42_04_n;6.546327;69691.833333;6.545877;68909.000000;0.003028
QAP_sko42_05_n;7.056775;126038.333333;7.056231;124301.500000;0.002290
QAP_sko49_01_n;5.104453;20843.500000;5.103913;20481.000000;0.000537
QAP_sko49_02_n;11.909674;211809.633333;11.908846;208514.000000;0.002192
QAP_sko49_03_n;11.609566;164946.333333;11.608576;162442.000000;0.001603
QAP_sko49_04_n;11.149048;119896.566667;11.148440;118568.500000;0.002723
QAP_sko49_05_n;12.169260;339050.866667;12.168599;333186.000000;0.001052
QAP_sko56_01_n;7.444779;32562.400000;7.444455;31992.000000;0.000626
QAP_sko56_02_n;19.475596;251548.533333;19.473088;248422.000000;0.000818
QAP_sko56_03_n;16.604159;86259.466667;16.602842;85352.000000;0.001972
QAP_sko56_04_n;18.525231;158571.300000;18.523438;156968.000000;0.002056
QAP_sko56_05_n;19.816490;300790.200000;19.815271;296440.500000;0.000891
AKV_n_60_05;28.260723;163670.333333;28.259644;160612.000000;0.006070
CAP_n_60_d_30_L_30_1.txt;27.239615;210965.433333;27.238234;205173.000000;0.005311
CAP_n_60_d_30_L_30_2.txt;26.339392;197980.533333;26.338415;195277.500000;0.010756
CAP_n_60_d_30_L_30_3.txt;26.399089;166467.733333;26.398318;162233.500000;0.004694
CAP_n_60_d_30_L_40_1.txt;27.440028;138610.400000;27.438813;135648.500000;0.003811
CAP_n_60_d_30_L_40_2.txt;26.709763;163094.400000;26.708829;160018.000000;0.005681
