pSize: 100
gen: 500
nClonalSelection: 10
betaCoeff: 0.2
clonePop: 56
arraySize: 156
regQty: 40
seed: 
	1804289383 846930886 1681692777 1714636915 1957747793 424238335 719885386 1649760492 596516649 1189641421 1025202362 1350490027 783368690 1102520059 2044897763 1967513926 1365180540 1540383426 304089172 1303455736 35005211 521595368 294702567 1726956429 336465782 861021530 278722862 233665123 2145174067 468703135 
clonesPerI: 
	20 10 6 5 4 3 2 2 2 2 

Instancia;avgTime;avgCost;bestTime;bestCost
S9;0.198570;1194.000000;0.197221;1181.500000;0.000000
S9H;0.199919;2304.533333;0.196242;2294.500000;0.000000
S10;0.273208;1379.466667;0.268580;1374.500000;0.000000
S11;0.364592;3597.066667;0.360579;3439.500000;0.000000
Am12a;0.532053;1603.733333;0.475360;1549.000000;1.308044
Am12b;0.504170;1674.233333;0.476335;1609.500000;0.000000
Am13a;0.647688;2635.166667;0.619060;2496.500000;1.175279
Am13b;0.635240;3026.766667;0.618817;2914.000000;1.533101
Am15;1.036099;3614.000000;1.003158;3358.000000;5.101721
N25_01.txt;6.251241;2405.000000;6.047999;2336.000000;1.476977
